,DATE,CSUSHPISA,EVACANTUSQ176N,GDP,INTDSRUSM193N,MSACSR,PERMIT,UMCSENT,MSPUS
0,2000-04-01,102.922,13773.0,10247.72,5.5,4.4,1597.0,109.2,163200.0
1,2000-07-01,105.054,13586.0,10318.165,6.0,4.1,1542.0,108.3,168800.0
2,2000-10-01,107.382,13268.0,10435.744,6.0,4.0,1577.0,105.8,172900.0
3,2001-01-01,109.846,13891.0,10470.231,5.52,3.8,1699.0,94.7,169800.0
4,2001-04-01,111.652,14375.0,10599.0,4.28,3.9,1666.0,88.4,179000.0
5,2001-07-01,113.491,13988.0,10598.02,3.25,4.2,1598.0,92.4,172500.0
6,2001-10-01,115.31,13937.0,10660.465,2.02,4.3,1566.0,82.7,171100.0
7,2002-01-01,117.144,14342.0,10783.5,1.25,4.2,1665.0,93.0,188700.0
8,2002-04-01,119.611,14207.0,10887.46,1.25,4.3,1669.0,93.0,187200.0
9,2002-07-01,122.888,14383.0,10984.04,1.25,4.2,1738.0,88.1,178100.0
10,2002-10-01,125.735,14591.0,11061.433,1.25,4.0,1799.0,80.6,190100.0
11,2003-01-01,128.461,14908.0,11174.129,2.25,4.0,1808.0,82.4,186000.0
12,2003-04-01,130.884,15244.0,11312.766,2.25,4.1,1803.0,86.0,191800.0
13,2003-07-01,133.77700000000002,15614.0,11566.669,2.0,3.6,1885.0,90.9,191900.0
14,2003-10-01,137.531,15654.0,11772.234,2.0,3.8,2012.0,89.6,198800.0
15,2004-01-01,141.64600000000002,15895.0,11923.447,2.0,3.8,1952.0,103.8,212700.0
16,2004-04-01,146.593,16079.0,12112.815,2.0,4.0,2070.0,94.2,217600.0
17,2004-07-01,151.338,15656.0,12305.307,2.25,4.5,2112.0,96.7,213500.0
18,2004-10-01,155.75,15361.0,12527.214,2.75,3.9,2097.0,91.7,228800.0
19,2005-01-01,161.28799999999998,15748.0,12767.286,3.25,4.4,2139.0,95.5,232500.0
20,2005-04-01,167.50099999999998,16061.0,12922.656,3.75,4.3,2150.0,87.7,233700.0
21,2005-07-01,172.86,15883.0,13142.642,4.25,4.2,2203.0,96.5,236400.0
22,2005-10-01,178.028,15823.0,13324.204,4.75,4.5,2170.0,74.2,243600.0
23,2006-01-01,182.321,16234.0,13599.16,5.5,5.3,2212.0,91.2,247700.0
24,2006-04-01,184.329,16513.0,13753.424,5.75,6.3,1998.0,87.4,246300.0
25,2006-07-01,183.068,16769.0,13870.188,6.25,7.3,1763.0,84.7,235600.0
26,2006-10-01,183.198,16894.0,14039.56,6.25,7.3,1570.0,93.6,245400.0
27,2007-01-01,184.517,17724.0,14215.651,6.25,7.2,1626.0,96.9,257400.0
28,2007-04-01,183.01,17547.0,14402.082,6.25,7.4,1470.0,87.1,242200.0
29,2007-07-01,179.111,18049.0,14564.117,6.25,8.3,1361.0,90.4,241800.0
30,2007-10-01,176.62400000000002,17910.0,14715.058,5.0,8.5,1192.0,80.9,238400.0
31,2008-01-01,173.132,18642.0,14706.538,3.5,9.3,1094.0,78.4,233900.0
32,2008-04-01,168.338,18701.0,14865.701,2.25,10.3,1008.0,62.6,235300.0
33,2008-07-01,163.566,18651.0,14898.999,2.25,10.5,921.0,61.2,226500.0
34,2008-10-01,158.327,18973.0,14608.209,1.25,11.6,736.0,57.6,222500.0
35,2009-01-01,151.507,19137.0,14430.902,0.5,12.2,545.0,61.2,208400.0
36,2009-04-01,147.94899999999998,18752.0,14381.236,0.5,10.7,521.0,65.1,220900.0
37,2009-07-01,148.41,18996.0,14448.882,0.5,7.9,595.0,66.0,214300.0
38,2009-10-01,147.85,19006.0,14651.249,0.5,7.4,583.0,70.6,219000.0
39,2010-01-01,147.39600000000002,19126.0,14764.61,0.5,8.1,636.0,74.4,222900.0
40,2010-04-01,146.403,19022.0,14980.193,0.75,6.2,637.0,72.2,219500.0
41,2010-07-01,144.991,18933.0,15141.607,0.75,8.9,579.0,67.8,224100.0
42,2010-10-01,142.531,18551.0,15309.474,0.75,8.2,558.0,67.7,224300.0
43,2011-01-01,141.52100000000002,18998.0,15351.448,0.75,7.3,576.0,74.2,226900.0
44,2011-04-01,140.01,18843.0,15557.539,0.75,6.7,581.0,69.8,228100.0
45,2011-07-01,139.73,18803.0,15647.68,0.75,6.7,621.0,63.7,223500.0
46,2011-10-01,137.952,18389.0,15842.259,0.75,6.0,671.0,60.8,221100.0
47,2012-01-01,136.607,18476.0,16068.805,0.75,5.3,712.0,75.0,238400.0
48,2012-04-01,139.154,18519.0,16207.115,0.75,4.9,732.0,76.4,238700.0
49,2012-07-01,141.66899999999998,18149.0,16319.541,0.75,4.6,849.0,72.3,248800.0
50,2012-10-01,143.6,17939.0,16420.419,0.75,4.9,887.0,82.6,251700.0
51,2013-01-01,146.827,18459.0,16648.189,0.75,4.0,940.0,73.8,258400.0
52,2013-04-01,151.519,18165.0,16728.687,0.75,4.4,1012.0,76.4,268100.0
53,2013-07-01,155.60399999999998,18177.0,16953.838,0.75,5.5,997.0,85.1,264800.0
54,2013-10-01,159.24200000000002,18087.0,17192.019,0.75,4.9,1044.0,73.2,273600.0
55,2014-01-01,161.92700000000002,18453.0,17197.738,0.75,5.1,976.0,81.2,275200.0
56,2014-04-01,163.393,18219.0,17518.508,0.75,5.7,1090.0,84.1,288000.0
57,2014-07-01,164.579,18170.0,17804.228,0.75,6.2,1076.0,81.8,281000.0
58,2014-10-01,166.641,16956.0,17912.079,0.75,5.3,1094.0,86.9,298900.0
59,2015-01-01,168.634,17502.0,18063.529,0.75,4.8,1049.0,98.1,289200.0
60,2015-04-01,170.298,17379.0,18279.784,0.75,4.9,1166.0,95.9,289100.0
61,2015-07-01,172.13299999999998,17510.0,18401.626,0.75,5.2,1140.0,93.1,295800.0
62,2015-10-01,174.792,17288.0,18435.137,0.75,5.6,1160.0,90.0,302500.0
63,2016-01-01,177.274,17758.0,18525.933,1.0,5.6,1171.0,92,299800.0
64,2016-04-01,178.766,17268.0,18711.702,1.0,5.0,1160.0,89,306000.0
65,2016-07-01,180.834,17160.0,18892.639,1.0,4.5,1198.0,90,303800.0
66,2016-10-01,183.75,17328.0,19089.379,1.0,5.2,1254.0,87.2,310900.0
67,2017-01-01,186.805,17384.0,19280.084,1.25,5.4,1296.0,98.5,313100.0
68,2017-04-01,188.724,17637.0,19438.643,1.5,5.4,1239.0,97,318200.0
69,2017-07-01,191.45,17684.0,19692.595,1.75,5.8,1254.0,93.4,320500.0
70,2017-10-01,194.805,16814.0,20037.088,1.75,5.5,1360.0,100.7,337900.0
71,2018-01-01,198.314,17258.0,20328.553,2.0,6.0,1311.0,95.7,331800.0
72,2018-04-01,200.655,17060.0,20580.912,2.25,5.6,1365.0,98.8,315600.0
73,2018-07-01,202.907,17221.0,20798.73,2.5,6.0,1333.0,97.9,330900.0
74,2018-10-01,205.12,16382.0,20917.867,2.75,7.2,1280.0,98.6,322800.0
75,2019-01-01,206.539,16814.0,21104.133,3.0,7.0,1254.0,91.2,313000.0
76,2019-04-01,207.506,17031.0,21384.775,3.0,5.8,1298.0,97.2,322500.0
77,2019-07-01,209.262,17038.0,21694.282,3.0,5.9,1347.0,98.4,318400.0
78,2019-10-01,211.808,16113.0,21902.39,2.25,5.3,1538.0,95.5,327100.0
79,2020-01-01,214.99400000000003,15967.0,21706.513,2.25,5.7,1500.0,99.8,329000.0
80,2020-04-01,216.801,13876.0,19913.143,0.25,6.9,1050.0,71.8,322600.0
81,2020-07-01,219.322,14248.0,21647.64,0.25,3.4,1526.0,72.5,337500.0
82,2020-10-01,229.781,15445.0,22024.502,0.25,3.3,1622.0,81.8,358700.0
83,2021-01-01,239.55900000000003,15602.0,22600.185,0.25,4.0,1866.0,79,369800.0
84,2021-04-01,249.055,15657.0,23292.362,0.25,4.7,1714.0,88.3,382600.0
85,2021-07-01,262.707,15208.0,23828.973,0.25,5.7,1618.0,81.2,411200.0
